[gd_scene load_steps=12 format=3 uid="uid://c5h2rw1ua14j2"]

[ext_resource type="PackedScene" uid="uid://ctahsvj88g1om" path="res://levels/node_3d.tscn" id="1_jhhor"]
[ext_resource type="Script" path="res://main.gd" id="1_rh52i"]
[ext_resource type="PackedScene" uid="uid://cum57ykeo3b7q" path="res://ui/misc/ammo_count.tscn" id="3_awaq0"]
[ext_resource type="PackedScene" uid="uid://vk1criqck6cx" path="res://Scenes/Enemies/robots/combat_roomba.tscn" id="3_lbe65"]
[ext_resource type="PackedScene" uid="uid://cnfhk8lyswyee" path="res://ui/misc/fire_mode.tscn" id="4_1vtv1"]
[ext_resource type="PackedScene" uid="uid://bb7ue7ms53vhu" path="res://ui/health/life_bar.tscn" id="5_cvqtr"]
[ext_resource type="PackedScene" uid="uid://ddsqkhwkuipda" path="res://ui/inventory/PlayerInventory.tscn" id="5_mtxh8"]
[ext_resource type="PackedScene" uid="uid://vb7f8fygilde" path="res://ui/misc/interaction_helpers.tscn" id="6_q7dve"]
[ext_resource type="PackedScene" uid="uid://dhlk3rc74daq2" path="res://ui/misc/compass.tscn" id="8_alh60"]
[ext_resource type="PackedScene" uid="uid://3bnbwe1cyhrq" path="res://ui/health/HitIndicatorParent.tscn" id="10_ct3lu"]

[sub_resource type="BoxShape3D" id="BoxShape3D_4m38t"]
size = Vector3(16, 13, 13)

[node name="Main" type="Node"]
script = ExtResource("1_rh52i")

[node name="World" parent="." instance=ExtResource("1_jhhor")]

[node name="ChestBoneAttachment" parent="World/Player/HitBox" index="0"]
transform = Transform3D(1, -1.24284e-08, -2.22258e-07, -4.50451e-08, 0.966487, -0.256716, 2.18e-07, 0.256716, 0.966487, 4.38229e-09, 1.4657, -0.106155)

[node name="HeadBoneAttachment" parent="World/Player/HitBox" index="1"]
transform = Transform3D(1, -7.10543e-15, 8.52651e-14, 1.06581e-14, 1, 1.49012e-08, -2.84217e-14, -1.19209e-07, 1, 2.76369e-09, 1.75847, -0.0385254)

[node name="NeckBoneAttachment" parent="World/Player/HitBox" index="2"]
transform = Transform3D(1, 6.80433e-09, -2.46277e-07, -4.1956e-08, 0.98972, -0.143016, 2.42772e-07, 0.143016, 0.98972, 2.49715e-09, 1.7197, -0.0441277)

[node name="LeftUpperArmBoneAttachment" parent="World/Player/HitBox" index="3"]
transform = Transform3D(-0.497254, 0.867028, 0.0316321, -0.867605, -0.496915, -0.0183658, -0.000205044, -0.0365766, 0.999331, 0.170328, 1.54298, -0.0641427)

[node name="LeftLowerArmBoneAttachment" parent="World/Player/HitBox" index="4"]
transform = Transform3D(-0.537521, 0.842849, -0.0260131, -0.843239, -0.537104, 0.0215992, 0.00423332, 0.0335454, 0.999428, 0.456548, 1.37894, -0.0762172)

[node name="RightUpperArmBoneAttachment" parent="World/Player/HitBox" index="5"]
transform = Transform3D(-0.497254, -0.867028, -0.0316322, 0.867605, -0.496915, -0.0183656, 0.000204806, -0.0365766, 0.999331, -0.170328, 1.54298, -0.0641427)

[node name="RightLowerArmBoneAttachment" parent="World/Player/HitBox" index="6"]
transform = Transform3D(-0.537521, -0.842849, 0.026013, 0.84324, -0.537104, 0.0215996, -0.00423368, 0.0335454, 0.999428, -0.456548, 1.37894, -0.0762172)

[node name="LeftUpperLegBoneAttachment" parent="World/Player/HitBox" index="7"]
transform = Transform3D(1, 3.16062e-08, 2.55544e-07, 3.16734e-08, -1, -0.000262868, 2.55536e-07, 0.000262868, -1, 0.098, 1.01706, -0.0953857)

[node name="RightUpperLegBoneAttachment" parent="World/Player/HitBox" index="8"]
transform = Transform3D(1, -2.63347e-09, -2.55543e-07, -2.70064e-09, -1, -0.000262868, -2.55542e-07, 0.000262868, -1, -0.098, 1.01706, -0.0953857)

[node name="LeftLowerLegBoneAttachment" parent="World/Player/HitBox" index="9"]
transform = Transform3D(0.999184, -0.0402265, -0.00354915, -0.0401823, -0.999123, 0.0117708, -0.00401953, -0.0116186, -0.999925, 0.098, 0.581859, -0.0952713)

[node name="RightLowerLegBoneAttachment" parent="World/Player/HitBox" index="10"]
transform = Transform3D(0.999184, 0.0402265, 0.00354915, 0.0401823, -0.999123, 0.0117708, 0.00401953, -0.0116186, -0.999925, -0.098, 0.581859, -0.0952713)

[node name="RightFootBoneAttachment" parent="World/Player/HitBox" index="11"]
transform = Transform3D(1, -4.56348e-08, -3.89124e-06, -3.85227e-06, -0.160193, -0.987086, -5.79981e-07, 0.987086, -0.160193, -0.076595, 0.0502139, -0.101454)

[node name="LeftFootBoneAttachment" parent="World/Player/HitBox" index="12"]
transform = Transform3D(1, 4.63333e-08, 3.89147e-06, 3.85599e-06, -0.160193, -0.987086, 5.79515e-07, 0.987086, -0.160193, 0.076595, 0.0502139, -0.101454)

[node name="762x39mm-case" parent="World/AK47-Projectile" index="3"]
transform = Transform3D(-5.42999e-07, 0.15, 0, -0.15, -5.42999e-07, 0, 0, 0, 0.15, -0.00116475, 0.0538154, 0.101949)

[node name="Extract2" type="Area3D" parent="World" groups=["Extract"]]
transform = Transform3D(1, 0, 0, 0, 1, 0, 0, 0, 1, 0.720451, 0.16243, -76.0471)
collision_layer = 0
input_ray_pickable = false

[node name="CollisionShape3D" type="CollisionShape3D" parent="World/Extract2"]
transform = Transform3D(1, 0, 0, 0, 1, 0, 0, 0, 1, 0, 0, 13)
shape = SubResource("BoxShape3D_4m38t")

[node name="Extract1" type="Area3D" parent="World" groups=["Extract"]]
transform = Transform3D(1, 0, 0, 0, 1, 0, 0, 0, 1, 61.6739, 0, 64.1142)
collision_layer = 0
input_ray_pickable = false

[node name="CollisionShape3D" type="CollisionShape3D" parent="World/Extract1"]
transform = Transform3D(1, 0, 0, 0, 1, 0, 0, 0, 1, 0, 0, 13)
shape = SubResource("BoxShape3D_4m38t")

[node name="combat_roomba2" parent="World" instance=ExtResource("3_lbe65")]
transform = Transform3D(1, 0, 0, 0, 1, 0, 0, 0, 1, 4.99122, 0.357656, 0)

[node name="combat_roomba3" parent="World" instance=ExtResource("3_lbe65")]
transform = Transform3D(1, 0, 0, 0, 1, 0, 0, 0, 1, -8.5532, 0, -24.9389)

[node name="combat_roomba4" parent="World" instance=ExtResource("3_lbe65")]
transform = Transform3D(1, 0, 0, 0, 1, 0, 0, 0, 1, 0, 0, 9.9343)

[node name="PlayerHUD" type="CanvasLayer" parent="."]

[node name="AmmoCount" parent="PlayerHUD" instance=ExtResource("3_awaq0")]

[node name="FireMode" parent="PlayerHUD" instance=ExtResource("4_1vtv1")]

[node name="PlayerInventory" parent="PlayerHUD" instance=ExtResource("5_mtxh8")]
visible = false

[node name="life_bar" parent="PlayerHUD" instance=ExtResource("5_cvqtr")]

[node name="interaction_helpers" parent="PlayerHUD" instance=ExtResource("6_q7dve")]

[node name="CompassLabel" parent="PlayerHUD" instance=ExtResource("8_alh60")]

[node name="HitIndicatorParent" parent="PlayerHUD" instance=ExtResource("10_ct3lu")]

[editable path="World"]
[editable path="World/Player"]
[editable path="World/Player/player_default_mesh"]
[editable path="World/AK47-Projectile"]
[editable path="World/AK47-Projectile/gun"]
[editable path="World/polymer_pile"]
[editable path="World/polymer_pile2"]
[editable path="World/polymer_pile3"]
[editable path="World/polymer_pile4"]
[editable path="World/polymer_pile5"]
[editable path="World/polymer_pile6"]
[editable path="PlayerHUD/PlayerInventory"]
[editable path="PlayerHUD/interaction_helpers"]
